기간,자치구,전체인구,전체인구/남자,전체인구/여자,65세이상 인구,65세이상 인구/남자,65세이상 인구/여자
2020-01-04,종로구,161984 ,78271 ,83713 ,28073 ,12459 ,15614 
2020-01-04,종로구,9841 ,4469 ,5372 ,1818 ,775 ,1043 
2020-01-04,종로구,2993 ,1435 ,1558 ,679 ,293 ,386 
2020-01-04,종로구,10597 ,5042 ,5555 ,1799 ,793 ,1006 
2020-01-04,종로구,18768 ,8807 ,9961 ,3335 ,1436 ,1899 
2020-01-04,종로구,8767 ,4074 ,4693 ,1438 ,611 ,827 
2020-01-04,종로구,10750 ,5001 ,5749 ,1601 ,662 ,939 
2020-01-04,종로구,4464 ,2070 ,2394 ,930 ,388 ,542 
2020-01-04,종로구,8539 ,4964 ,3575 ,1950 ,1086 ,864 
2020-01-04,종로구,5853 ,3180 ,2673 ,1138 ,548 ,590 
2020-01-04,종로구,8460 ,3879 ,4581 ,1404 ,589 ,815 
2020-01-04,종로구,6046 ,3240 ,2806 ,1244 ,604 ,640 
2020-01-04,종로구,9776 ,4980 ,4796 ,1733 ,754 ,979 
2020-01-04,종로구,7230 ,3558 ,3672 ,1228 ,545 ,683 
2020-01-04,종로구,6508 ,3154 ,3354 ,1182 ,509 ,673 
2020-01-04,종로구,9965 ,5027 ,4938 ,1695 ,835 ,860 
2020-01-04,종로구,12960 ,6064 ,6896 ,2237 ,936 ,1301 
2020-01-04,종로구,20467 ,9327 ,11140 ,2662 ,1095 ,1567 
2020-01-04,중구,136469 ,66769 ,69700 ,23794 ,10495 ,13299 
2020-01-04,중구,3057 ,1539 ,1518 ,298 ,148 ,150 
2020-01-04,중구,5812 ,3134 ,2678 ,1509 ,781 ,728 
2020-01-04,중구,3649 ,1626 ,2023 ,782 ,290 ,492 
2020-01-04,중구,4904 ,2425 ,2479 ,838 ,373 ,465 
2020-01-04,중구,5573 ,2749 ,2824 ,823 ,358 ,465 
2020-01-04,중구,6427 ,3368 ,3059 ,1192 ,585 ,607 
2020-01-04,중구,2012 ,1196 ,816 ,500 ,282 ,218 
2020-01-04,중구,10969 ,5350 ,5619 ,1742 ,719 ,1023 
2020-01-04,중구,13779 ,6601 ,7178 ,1961 ,885 ,1076 
2020-01-04,중구,12925 ,6479 ,6446 ,2056 ,918 ,1138 
2020-01-04,중구,9236 ,4504 ,4732 ,1393 ,634 ,759 
2020-01-04,중구,15028 ,7297 ,7731 ,2618 ,1119 ,1499 
2020-01-04,중구,17696 ,8346 ,9350 ,3667 ,1575 ,2092 
2020-01-04,중구,14379 ,6840 ,7539 ,2614 ,1052 ,1562 
2020-01-04,중구,11023 ,5315 ,5708 ,1801 ,776 ,1025 
2020-01-04,용산구,246165 ,119961 ,126204 ,39439 ,16753 ,22686 
2020-01-04,용산구,18377 ,8970 ,9407 ,3054 ,1246 ,1808 
2020-01-04,용산구,11789 ,5750 ,6039 ,2097 ,881 ,1216 
2020-01-04,용산구,8395 ,5063 ,3332 ,1641 ,965 ,676 
2020-01-04,용산구,14578 ,6850 ,7728 ,2379 ,997 ,1382 
2020-01-04,용산구,10363 ,4939 ,5424 ,1450 ,606 ,844 
2020-01-04,용산구,12554 ,6014 ,6540 ,2053 ,851 ,1202 
2020-01-04,용산구,29428 ,13826 ,15602 ,4500 ,1881 ,2619 
2020-01-04,용산구,8926 ,4195 ,4731 ,1761 ,709 ,1052 
2020-01-04,용산구,9191 ,4826 ,4365 ,1595 ,604 ,991 
2020-01-04,용산구,10878 ,5125 ,5753 ,1910 ,767 ,1143 
2020-01-04,용산구,14164 ,6840 ,7324 ,2084 ,865 ,1219 
2020-01-04,용산구,15997 ,8210 ,7787 ,2778 ,1110 ,1668 
2020-01-04,용산구,20768 ,9677 ,11091 ,3336 ,1367 ,1969 
2020-01-04,용산구,16737 ,8100 ,8637 ,1989 ,883 ,1106 
2020-01-04,용산구,19884 ,9687 ,10197 ,3086 ,1429 ,1657 
2020-01-04,용산구,24136 ,11889 ,12247 ,3726 ,1592 ,2134 
2020-01-04,성동구,307193 ,149891 ,157302 ,44728 ,19517 ,25211 
2020-01-04,성동구,17755 ,8643 ,9112 ,2528 ,1090 ,1438 
2020-01-04,성동구,23927 ,11710 ,12217 ,3737 ,1677 ,2060 
2020-01-04,성동구,13625 ,6742 ,6883 ,1490 ,637 ,853 
2020-01-04,성동구,15887 ,7658 ,8229 ,2308 ,1025 ,1283 
2020-01-04,성동구,24543 ,11552 ,12991 ,3637 ,1546 ,2091 
2020-01-04,성동구,16066 ,7599 ,8467 ,2502 ,1033 ,1469 
2020-01-04,성동구,15885 ,7613 ,8272 ,2426 ,1050 ,1376 
2020-01-04,성동구,15041 ,7188 ,7853 ,2268 ,934 ,1334 
2020-01-04,성동구,17087 ,8567 ,8520 ,2116 ,962 ,1154 
2020-01-04,성동구,14430 ,7149 ,7281 ,1940 ,869 ,1071 
2020-01-04,성동구,17683 ,9205 ,8478 ,2808 ,1282 ,1526 
2020-01-04,성동구,11673 ,5973 ,5700 ,1810 ,855 ,955 
2020-01-04,성동구,11388 ,5987 ,5401 ,1714 ,789 ,925 
2020-01-04,성동구,13284 ,6945 ,6339 ,2178 ,997 ,1181 
2020-01-04,성동구,27756 ,13232 ,14524 ,3557 ,1522 ,2035 
2020-01-04,성동구,24029 ,11431 ,12598 ,3835 ,1593 ,2242 
2020-01-04,성동구,27134 ,12697 ,14437 ,3874 ,1656 ,2218 
2020-01-04,광진구,365990 ,176226 ,189764 ,48989 ,21851 ,27138 
2020-01-04,광진구,25628 ,11689 ,13939 ,2276 ,1006 ,1270 
2020-01-04,광진구,22174 ,10890 ,11284 ,2909 ,1312 ,1597 
2020-01-04,광진구,16257 ,7938 ,8319 ,2408 ,1105 ,1303 
2020-01-04,광진구,22613 ,10771 ,11842 ,3114 ,1384 ,1730 
2020-01-04,광진구,17191 ,8517 ,8674 ,2711 ,1199 ,1512 
2020-01-04,광진구,30432 ,14937 ,15495 ,4835 ,2172 ,2663 
2020-01-04,광진구,11991 ,5542 ,6449 ,1589 ,698 ,891 
2020-01-04,광진구,23156 ,11016 ,12140 ,3042 ,1317 ,1725 
2020-01-04,광진구,27772 ,13357 ,14415 ,4114 ,1804 ,2310 
2020-01-04,광진구,29915 ,14262 ,15653 ,3820 ,1713 ,2107 
2020-01-04,광진구,36051 ,17410 ,18641 ,3591 ,1612 ,1979 
2020-01-04,광진구,24030 ,11526 ,12504 ,3284 ,1424 ,1860 
2020-01-04,광진구,26694 ,13062 ,13632 ,3776 ,1722 ,2054 
2020-01-04,광진구,29264 ,14074 ,15190 ,3904 ,1783 ,2121 
2020-01-04,광진구,22822 ,11235 ,11587 ,3616 ,1600 ,2016 
2020-01-04,동대문구,362793 ,178202 ,184591 ,60367 ,26869 ,33498 
2020-01-04,동대문구,12961 ,5858 ,7103 ,1524 ,622 ,902 
2020-01-04,동대문구,16305 ,7802 ,8503 ,2328 ,1022 ,1306 
2020-01-04,동대문구,25104 ,12358 ,12746 ,3818 ,1712 ,2106 
2020-01-04,동대문구,21656 ,10812 ,10844 ,5288 ,2335 ,2953 
2020-01-04,동대문구,32455 ,16481 ,15974 ,5568 ,2594 ,2974 
2020-01-04,동대문구,27295 ,13654 ,13641 ,5552 ,2461 ,3091 
2020-01-04,동대문구,31136 ,15592 ,15544 ,5455 ,2434 ,3021 
2020-01-04,동대문구,19879 ,9490 ,10389 ,3548 ,1562 ,1986 
2020-01-04,동대문구,30393 ,14821 ,15572 ,5368 ,2347 ,3021 
2020-01-04,동대문구,39284 ,19519 ,19765 ,6114 ,2867 ,3247 
2020-01-04,동대문구,33395 ,16714 ,16681 ,4853 ,2184 ,2669 
2020-01-04,동대문구,22067 ,10421 ,11646 ,3251 ,1376 ,1875 
2020-01-04,동대문구,21220 ,10318 ,10902 ,3737 ,1630 ,2107 
2020-01-04,동대문구,29643 ,14362 ,15281 ,3963 ,1723 ,2240 
2020-01-04,중랑구,400678 ,198122 ,202556 ,66764 ,29854 ,36910 
2020-01-04,중랑구,25783 ,12869 ,12914 ,4327 ,1905 ,2422 
2020-01-04,중랑구,19887 ,9888 ,9999 ,3597 ,1544 ,2053 
2020-01-04,중랑구,9672 ,4925 ,4747 ,1639 ,760 ,879 
2020-01-04,중랑구,22763 ,11354 ,11409 ,4053 ,1826 ,2227 
2020-01-04,중랑구,25334 ,12369 ,12965 ,3508 ,1519 ,1989 
2020-01-04,중랑구,20044 ,9757 ,10287 ,2881 ,1350 ,1531 
2020-01-04,중랑구,20832 ,10221 ,10611 ,3385 ,1517 ,1868 
2020-01-04,중랑구,26823 ,13788 ,13035 ,4845 ,2219 ,2626 
2020-01-04,중랑구,35969 ,17448 ,18521 ,5553 ,2531 ,3022 
2020-01-04,중랑구,19822 ,9720 ,10102 ,3337 ,1508 ,1829 
2020-01-04,중랑구,17835 ,8942 ,8893 ,3142 ,1413 ,1729 
2020-01-04,중랑구,40670 ,19851 ,20819 ,6401 ,2824 ,3577 
2020-01-04,중랑구,21729 ,10352 ,11377 ,3753 ,1597 ,2156 
2020-01-04,중랑구,36088 ,17875 ,18213 ,5863 ,2575 ,3288 
2020-01-04,중랑구,26478 ,13165 ,13313 ,4769 ,2179 ,2590 
2020-01-04,중랑구,30949 ,15598 ,15351 ,5711 ,2587 ,3124 
2020-01-04,성북구,454532 ,218561 ,235971 ,72172 ,31020 ,41152 
2020-01-04,성북구,15815 ,7391 ,8424 ,2790 ,1182 ,1608 
2020-01-04,성북구,24923 ,11905 ,13018 ,3326 ,1416 ,1910 
2020-01-04,성북구,17574 ,8589 ,8985 ,2187 ,918 ,1269 
2020-01-04,성북구,16617 ,7999 ,8618 ,2391 ,989 ,1402 
2020-01-04,성북구,19399 ,9320 ,10079 ,3011 ,1278 ,1733 
2020-01-04,성북구,23819 ,11551 ,12268 ,4266 ,1864 ,2402 
2020-01-04,성북구,17180 ,8461 ,8719 ,3228 ,1349 ,1879 
2020-01-04,성북구,26547 ,12802 ,13745 ,4704 ,2052 ,2652 
2020-01-04,성북구,36971 ,17586 ,19385 ,4335 ,1792 ,2543 
2020-01-04,성북구,17226 ,8308 ,8918 ,2480 ,1061 ,1419 
2020-01-04,성북구,27371 ,13230 ,14141 ,4516 ,1983 ,2533 
2020-01-04,성북구,20705 ,9988 ,10717 ,3479 ,1523 ,1956 
2020-01-04,성북구,20571 ,10028 ,10543 ,3626 ,1572 ,2054 
2020-01-04,성북구,14043 ,6951 ,7092 ,3060 ,1342 ,1718 
2020-01-04,성북구,18125 ,9013 ,9112 ,2445 ,1134 ,1311 
2020-01-04,성북구,17615 ,8255 ,9360 ,3083 ,1329 ,1754 
2020-01-04,성북구,25048 ,11896 ,13152 ,3901 ,1633 ,2268 
2020-01-04,성북구,16379 ,6786 ,9593 ,2240 ,935 ,1305 
2020-01-04,성북구,41881 ,20350 ,21531 ,6435 ,2679 ,3756 
2020-01-04,성북구,36723 ,18152 ,18571 ,6669 ,2989 ,3680 
2020-01-04,강북구,316750 ,154141 ,162609 ,61660 ,26518 ,35142 
2020-01-04,강북구,19648 ,9728 ,9920 ,3496 ,1554 ,1942 
2020-01-04,강북구,17041 ,8286 ,8755 ,3880 ,1543 ,2337 
2020-01-04,강북구,18094 ,8528 ,9566 ,4513 ,1759 ,2754 
2020-01-04,강북구,21734 ,10714 ,11020 ,4270 ,1893 ,2377 
2020-01-04,강북구,21931 ,10517 ,11414 ,4563 ,1936 ,2627 
2020-01-04,강북구,24070 ,11975 ,12095 ,4424 ,1949 ,2475 
2020-01-04,강북구,25334 ,12597 ,12737 ,4800 ,2141 ,2659 
2020-01-04,강북구,22799 ,10918 ,11881 ,4325 ,1880 ,2445 
2020-01-04,강북구,31331 ,15016 ,16315 ,5843 ,2555 ,3288 
2020-01-04,강북구,28475 ,14160 ,14315 ,5911 ,2599 ,3312 
2020-01-04,강북구,32668 ,15727 ,16941 ,4218 ,1727 ,2491 
2020-01-04,강북구,21293 ,10374 ,10919 ,4618 ,2035 ,2583 
2020-01-04,강북구,32332 ,15601 ,16731 ,6799 ,2947 ,3852 
2020-01-04,도봉구,333495 ,162774 ,170721 ,60023 ,26892 ,33131 
2020-01-04,도봉구,22236 ,10699 ,11537 ,4278 ,1906 ,2372 
2020-01-04,도봉구,19875 ,9636 ,10239 ,3717 ,1620 ,2097 
2020-01-04,도봉구,17197 ,8324 ,8873 ,3302 ,1468 ,1834 
2020-01-04,도봉구,19699 ,9383 ,10316 ,2813 ,1257 ,1556 
2020-01-04,도봉구,29817 ,14787 ,15030 ,5429 ,2520 ,2909 
2020-01-04,도봉구,21016 ,10608 ,10408 ,4138 ,1868 ,2270 
2020-01-04,도봉구,28522 ,13887 ,14635 ,4599 ,2003 ,2596 
2020-01-04,도봉구,26078 ,12439 ,13639 ,4332 ,1863 ,2469 
2020-01-04,도봉구,30394 ,14876 ,15518 ,4876 ,2206 ,2670 
2020-01-04,도봉구,14641 ,7312 ,7329 ,2816 ,1235 ,1581 
2020-01-04,도봉구,27696 ,13350 ,14346 ,3945 ,1725 ,2220 
2020-01-04,도봉구,25685 ,12312 ,13373 ,4139 ,1870 ,2269 
2020-01-04,도봉구,22141 ,11188 ,10953 ,5477 ,2532 ,2945 
2020-01-04,도봉구,28498 ,13973 ,14525 ,6162 ,2819 ,3343 
2020-01-04,노원구,535495 ,258696 ,276799 ,82682 ,34770 ,47912 
2020-01-04,노원구,23781 ,12283 ,11498 ,4152 ,1886 ,2266 
2020-01-04,노원구,27873 ,13406 ,14467 ,5463 ,2265 ,3198 
2020-01-04,노원구,31378 ,15033 ,16345 ,5679 ,2423 ,3256 
2020-01-04,노원구,40688 ,19803 ,20885 ,4972 ,2243 ,2729 
2020-01-04,노원구,28864 ,13902 ,14962 ,4213 ,1552 ,2661 
2020-01-04,노원구,23183 ,11073 ,12110 ,3028 ,1197 ,1831 
2020-01-04,노원구,25717 ,12580 ,13137 ,2577 ,1113 ,1464 
2020-01-04,노원구,27903 ,13663 ,14240 ,2259 ,928 ,1331 
2020-01-04,노원구,21121 ,10227 ,10894 ,3854 ,1521 ,2333 
2020-01-04,노원구,39942 ,19391 ,20551 ,6602 ,2981 ,3621 
2020-01-04,노원구,21062 ,10399 ,10663 ,3178 ,1484 ,1694 
2020-01-04,노원구,25181 ,12246 ,12935 ,4862 ,2054 ,2808 
2020-01-04,노원구,23618 ,11338 ,12280 ,2706 ,1110 ,1596 
2020-01-04,노원구,21707 ,10341 ,11366 ,3226 ,1355 ,1871 
2020-01-04,노원구,16503 ,7601 ,8902 ,2219 ,942 ,1277 
2020-01-04,노원구,27366 ,13573 ,13793 ,5862 ,2527 ,3335 
2020-01-04,노원구,34341 ,15946 ,18395 ,4705 ,1936 ,2769 
2020-01-04,노원구,36414 ,16845 ,19569 ,7047 ,2570 ,4477 
2020-01-04,노원구,38853 ,19046 ,19807 ,6078 ,2683 ,3395 
2020-01-04,은평구,482509 ,231953 ,250556 ,82245 ,35610 ,46635 
2020-01-04,은평구,38439 ,18389 ,20050 ,6738 ,2868 ,3870 
2020-01-04,은평구,40613 ,19236 ,21377 ,7552 ,3198 ,4354 
2020-01-04,은평구,24318 ,11860 ,12458 ,4336 ,1913 ,2423 
2020-01-04,은평구,30001 ,14253 ,15748 ,4768 ,2071 ,2697 
2020-01-04,은평구,33673 ,16752 ,16921 ,5962 ,2903 ,3059 
2020-01-04,은평구,27817 ,13024 ,14793 ,4930 ,2085 ,2845 
2020-01-04,은평구,25548 ,12163 ,13385 ,4135 ,1690 ,2445 
2020-01-04,은평구,25834 ,12572 ,13262 ,3494 ,1486 ,2008 
2020-01-04,은평구,28396 ,13720 ,14676 ,4718 ,2053 ,2665 
2020-01-04,은평구,21686 ,10819 ,10867 ,3743 ,1641 ,2102 
2020-01-04,은평구,16006 ,7855 ,8151 ,3047 ,1375 ,1672 
2020-01-04,은평구,8808 ,4394 ,4414 ,1747 ,745 ,1002 
2020-01-04,은평구,58032 ,27229 ,30803 ,7743 ,3332 ,4411 
2020-01-04,은평구,29290 ,14243 ,15047 ,5714 ,2478 ,3236 
2020-01-04,은평구,25951 ,12680 ,13271 ,5511 ,2313 ,3198 
2020-01-04,은평구,48097 ,22764 ,25333 ,8107 ,3459 ,4648 
2020-01-04,서대문구,325875 ,154502 ,171373 ,53038 ,22459 ,30579 
2020-01-04,서대문구,18545 ,8839 ,9706 ,3289 ,1307 ,1982 
2020-01-04,서대문구,24911 ,11708 ,13203 ,4351 ,1843 ,2508 
2020-01-04,서대문구,16266 ,7914 ,8352 ,3465 ,1446 ,2019 
2020-01-04,서대문구,14479 ,6881 ,7598 ,2630 ,1071 ,1559 
2020-01-04,서대문구,23381 ,11315 ,12066 ,4425 ,1897 ,2528 
2020-01-04,서대문구,28262 ,13668 ,14594 ,4947 ,2121 ,2826 
2020-01-04,서대문구,16576 ,7996 ,8580 ,2141 ,927 ,1214 
2020-01-04,서대문구,30061 ,14356 ,15705 ,4589 ,1938 ,2651 
2020-01-04,서대문구,18990 ,9188 ,9802 ,2901 ,1256 ,1645 
2020-01-04,서대문구,33607 ,16295 ,17312 ,6102 ,2642 ,3460 
2020-01-04,서대문구,18225 ,8784 ,9441 ,3172 ,1349 ,1823 
2020-01-04,서대문구,17456 ,8313 ,9143 ,2305 ,934 ,1371 
2020-01-04,서대문구,24024 ,9617 ,14407 ,2229 ,950 ,1279 
2020-01-04,서대문구,41092 ,19628 ,21464 ,6492 ,2778 ,3714 
2020-01-04,마포구,386086 ,181204 ,204882 ,53283 ,22363 ,30920 
2020-01-04,마포구,22386 ,10614 ,11772 ,2879 ,1202 ,1677 
2020-01-04,마포구,15177 ,7024 ,8153 ,1970 ,806 ,1164 
2020-01-04,마포구,13298 ,6269 ,7029 ,1782 ,731 ,1051 
2020-01-04,마포구,23909 ,11590 ,12319 ,3279 ,1406 ,1873 
2020-01-04,마포구,25876 ,11683 ,14193 ,3387 ,1468 ,1919 
2020-01-04,마포구,19031 ,8807 ,10224 ,2639 ,1118 ,1521 
2020-01-04,마포구,21705 ,10189 ,11516 ,3380 ,1396 ,1984 
2020-01-04,마포구,19346 ,9172 ,10174 ,2969 ,1272 ,1697 
2020-01-04,마포구,16818 ,7842 ,8976 ,2504 ,1054 ,1450 
2020-01-04,마포구,20169 ,9480 ,10689 ,2910 ,1248 ,1662 
2020-01-04,마포구,41447 ,18981 ,22466 ,5981 ,2389 ,3592 
2020-01-04,마포구,32589 ,15565 ,17024 ,3845 ,1661 ,2184 
2020-01-04,마포구,22544 ,10758 ,11786 ,3660 ,1548 ,2112 
2020-01-04,마포구,26021 ,12216 ,13805 ,3110 ,1333 ,1777 
2020-01-04,마포구,40430 ,19141 ,21289 ,5989 ,2472 ,3517 
2020-01-04,마포구,25340 ,11873 ,13467 ,2999 ,1259 ,1740 
2020-01-04,양천구,460532 ,226109 ,234423 ,62761 ,28111 ,34650 
2020-01-04,양천구,32231 ,15471 ,16760 ,2969 ,1355 ,1614 
2020-01-04,양천구,31383 ,15292 ,16091 ,3902 ,1730 ,2172 
2020-01-04,양천구,23058 ,11074 ,11984 ,3108 ,1340 ,1768 
2020-01-04,양천구,26774 ,13139 ,13635 ,3098 ,1344 ,1754 
2020-01-04,양천구,21564 ,11039 ,10525 ,3904 ,1798 ,2106 
2020-01-04,양천구,21933 ,10728 ,11205 ,3662 ,1686 ,1976 
2020-01-04,양천구,16554 ,8718 ,7836 ,2878 ,1329 ,1549 
2020-01-04,양천구,18921 ,9273 ,9648 ,3035 ,1354 ,1681 
2020-01-04,양천구,15495 ,7687 ,7808 ,2305 ,1045 ,1260 
2020-01-04,양천구,6700 ,3315 ,3385 ,1137 ,526 ,611 
2020-01-04,양천구,21487 ,10539 ,10948 ,4187 ,1786 ,2401 
2020-01-04,양천구,21460 ,10484 ,10976 ,2574 ,1165 ,1409 
2020-01-04,양천구,20708 ,10115 ,10593 ,2494 ,1094 ,1400 
2020-01-04,양천구,48128 ,23483 ,24645 ,6650 ,2903 ,3747 
2020-01-04,양천구,25301 ,12316 ,12985 ,2529 ,1206 ,1323 
2020-01-04,양천구,30684 ,14893 ,15791 ,4618 ,1922 ,2696 
2020-01-04,양천구,42889 ,21238 ,21651 ,4064 ,1924 ,2140 
2020-01-04,양천구,35262 ,17305 ,17957 ,5647 ,2604 ,3043 
2020-01-04,강서구,595703 ,288134 ,307569 ,85992 ,37990 ,48002 
2020-01-04,강서구,42421 ,20675 ,21746 ,4067 ,1856 ,2211 
2020-01-04,강서구,23692 ,11154 ,12538 ,2725 ,1187 ,1538 
2020-01-04,강서구,21707 ,10684 ,11023 ,2997 ,1376 ,1621 
2020-01-04,강서구,32267 ,15357 ,16910 ,6193 ,2549 ,3644 
2020-01-04,강서구,35791 ,17429 ,18362 ,4636 ,1986 ,2650 
2020-01-04,강서구,19257 ,9346 ,9911 ,2759 ,1235 ,1524 
2020-01-04,강서구,22548 ,10827 ,11721 ,3836 ,1756 ,2080 
2020-01-04,강서구,21902 ,10716 ,11186 ,3613 ,1597 ,2016 
2020-01-04,강서구,25196 ,12383 ,12813 ,3719 ,1675 ,2044 
2020-01-04,강서구,26304 ,12623 ,13681 ,4160 ,1849 ,2311 
2020-01-04,강서구,34147 ,15885 ,18262 ,2865 ,1373 ,1492 
2020-01-04,강서구,15032 ,7121 ,7911 ,3721 ,1580 ,2141 
2020-01-04,강서구,16101 ,7572 ,8529 ,3430 ,1320 ,2110 
2020-01-04,강서구,38458 ,18294 ,20164 ,4492 ,1915 ,2577 
2020-01-04,강서구,28129 ,14418 ,13711 ,3739 ,1720 ,2019 
2020-01-04,강서구,45464 ,22181 ,23283 ,6228 ,2840 ,3388 
2020-01-04,강서구,23942 ,11857 ,12085 ,4609 ,1984 ,2625 
2020-01-04,강서구,24286 ,11734 ,12552 ,4802 ,2050 ,2752 
2020-01-04,강서구,54449 ,26514 ,27935 ,7986 ,3632 ,4354 
2020-01-04,강서구,44610 ,21364 ,23246 ,5415 ,2510 ,2905 
2020-01-04,구로구,438308 ,218970 ,219338 ,67432 ,30848 ,36584 
2020-01-04,구로구,36908 ,18072 ,18836 ,4384 ,2071 ,2313 
2020-01-04,구로구,21951 ,10797 ,11154 ,2327 ,1100 ,1227 
2020-01-04,구로구,26155 ,13349 ,12806 ,3360 ,1489 ,1871 
2020-01-04,구로구,25986 ,13174 ,12812 ,4405 ,1951 ,2454 
2020-01-04,구로구,33318 ,16345 ,16973 ,4516 ,2093 ,2423 
2020-01-04,구로구,24080 ,12048 ,12032 ,4140 ,1916 ,2224 
2020-01-04,구로구,28656 ,14219 ,14437 ,4823 ,2179 ,2644 
2020-01-04,구로구,32786 ,16058 ,16728 ,5925 ,2764 ,3161 
2020-01-04,구로구,21894 ,10694 ,11200 ,3962 ,1809 ,2153 
2020-01-04,구로구,23364 ,11465 ,11899 ,3818 ,1770 ,2048 
2020-01-04,구로구,24729 ,12256 ,12473 ,4081 ,1839 ,2242 
2020-01-04,구로구,15181 ,8749 ,6432 ,2097 ,969 ,1128 
2020-01-04,구로구,34927 ,18259 ,16668 ,5750 ,2576 ,3174 
2020-01-04,구로구,33402 ,16761 ,16641 ,5942 ,2781 ,3161 
2020-01-04,구로구,40608 ,19664 ,20944 ,6574 ,2913 ,3661 
2020-01-04,구로구,14363 ,7060 ,7303 ,1328 ,628 ,700 
2020-01-04,금천구,251370 ,128643 ,122727 ,38508 ,17591 ,20917 
2020-01-04,금천구,24732 ,13866 ,10866 ,2490 ,1237 ,1253 
2020-01-04,금천구,44572 ,23230 ,21342 ,5437 ,2506 ,2931 
2020-01-04,금천구,21225 ,10846 ,10379 ,3305 ,1529 ,1776 
2020-01-04,금천구,29724 ,15308 ,14416 ,4468 ,2054 ,2414 
2020-01-04,금천구,18110 ,9191 ,8919 ,2812 ,1288 ,1524 
2020-01-04,금천구,36362 ,18312 ,18050 ,5925 ,2668 ,3257 
2020-01-04,금천구,22422 ,10896 ,11526 ,3823 ,1740 ,2083 
2020-01-04,금천구,11466 ,5740 ,5726 ,2218 ,1030 ,1188 
2020-01-04,금천구,22002 ,10935 ,11067 ,3858 ,1766 ,2092 
2020-01-04,금천구,20755 ,10319 ,10436 ,4172 ,1773 ,2399 
2020-01-04,영등포구,404766 ,202617 ,202149 ,59373 ,26821 ,32552 
2020-01-04,영등포구,34736 ,16356 ,18380 ,6013 ,2673 ,3340 
2020-01-04,영등포구,21498 ,10539 ,10959 ,3271 ,1480 ,1791 
2020-01-04,영등포구,36430 ,17065 ,19365 ,4383 ,1986 ,2397 
2020-01-04,영등포구,18168 ,9028 ,9140 ,2436 ,1044 ,1392 
2020-01-04,영등포구,22736 ,11326 ,11410 ,2449 ,1071 ,1378 
2020-01-04,영등포구,19670 ,10073 ,9597 ,3311 ,1447 ,1864 
2020-01-04,영등포구,18589 ,9277 ,9312 ,3007 ,1333 ,1674 
2020-01-04,영등포구,9873 ,5041 ,4832 ,1844 ,797 ,1047 
2020-01-04,영등포구,11997 ,5955 ,6042 ,1947 ,843 ,1104 
2020-01-04,영등포구,19294 ,9538 ,9756 ,3159 ,1426 ,1733 
2020-01-04,영등포구,20425 ,10172 ,10253 ,2283 ,1021 ,1262 
2020-01-04,영등포구,16229 ,8352 ,7877 ,2842 ,1252 ,1590 
2020-01-04,영등포구,21101 ,11040 ,10061 ,2973 ,1326 ,1647 
2020-01-04,영등포구,28328 ,14529 ,13799 ,4242 ,1935 ,2307 
2020-01-04,영등포구,24596 ,12681 ,11915 ,3959 ,1836 ,2123 
2020-01-04,영등포구,27692 ,15002 ,12690 ,3421 ,1778 ,1643 
2020-01-04,영등포구,21423 ,10879 ,10544 ,3334 ,1485 ,1849 
2020-01-04,영등포구,31981 ,15764 ,16217 ,4499 ,2088 ,2411 
2020-01-04,동작구,407802 ,196943 ,210859 ,63378 ,27608 ,35770 
2020-01-04,동작구,13749 ,7093 ,6656 ,2669 ,1195 ,1474 
2020-01-04,동작구,48023 ,23128 ,24895 ,6703 ,2890 ,3813 
2020-01-04,동작구,29013 ,13944 ,15069 ,4307 ,1866 ,2441 
2020-01-04,동작구,25905 ,12424 ,13481 ,4203 ,1816 ,2387 
2020-01-04,동작구,29773 ,14473 ,15300 ,4790 ,2024 ,2766 
2020-01-04,동작구,24012 ,11429 ,12583 ,3615 ,1677 ,1938 
2020-01-04,동작구,25849 ,12526 ,13323 ,4299 ,1972 ,2327 
2020-01-04,동작구,14856 ,7123 ,7733 ,2551 ,1120 ,1431 
2020-01-04,동작구,13416 ,6512 ,6904 ,2061 ,900 ,1161 
2020-01-04,동작구,40002 ,18995 ,21007 ,5477 ,2278 ,3199 
2020-01-04,동작구,26333 ,12873 ,13460 ,3623 ,1623 ,2000 
2020-01-04,동작구,20636 ,9874 ,10762 ,2953 ,1341 ,1612 
2020-01-04,동작구,35474 ,16867 ,18607 ,5567 ,2322 ,3245 
2020-01-04,동작구,32572 ,16115 ,16457 ,5513 ,2358 ,3155 
2020-01-04,동작구,28189 ,13567 ,14622 ,5047 ,2226 ,2821 
2020-01-04,관악구,516662 ,258982 ,257680 ,76664 ,34225 ,42439 
2020-01-04,관악구,26166 ,12802 ,13364 ,4294 ,1897 ,2397 
2020-01-04,관악구,16127 ,7906 ,8221 ,2672 ,1127 ,1545 
2020-01-04,관악구,30194 ,14588 ,15606 ,4189 ,1867 ,2322 
2020-01-04,관악구,17669 ,8880 ,8789 ,1948 ,861 ,1087 
2020-01-04,관악구,16005 ,7635 ,8370 ,2357 ,1037 ,1320 
2020-01-04,관악구,27056 ,13213 ,13843 ,3838 ,1695 ,2143 
2020-01-04,관악구,18962 ,9104 ,9858 ,2655 ,1235 ,1420 
2020-01-04,관악구,24106 ,12363 ,11743 ,3189 ,1457 ,1732 
2020-01-04,관악구,19708 ,9901 ,9807 ,3162 ,1355 ,1807 
2020-01-04,관악구,24252 ,13290 ,10962 ,3416 ,1584 ,1832 
2020-01-04,관악구,26034 ,13089 ,12945 ,3453 ,1549 ,1904 
2020-01-04,관악구,22643 ,11657 ,10986 ,1952 ,895 ,1057 
2020-01-04,관악구,16209 ,8014 ,8195 ,2695 ,1202 ,1493 
2020-01-04,관악구,19631 ,10051 ,9580 ,2744 ,1315 ,1429 
2020-01-04,관악구,24638 ,14634 ,10004 ,2759 ,1284 ,1475 
2020-01-04,관악구,35142 ,17174 ,17968 ,5633 ,2491 ,3142 
2020-01-04,관악구,30823 ,14948 ,15875 ,5221 ,2219 ,3002 
2020-01-04,관악구,34924 ,16765 ,18159 ,4197 ,1921 ,2276 
2020-01-04,관악구,28735 ,14456 ,14279 ,5169 ,2307 ,2862 
2020-01-04,관악구,25041 ,12523 ,12518 ,5664 ,2443 ,3221 
2020-01-04,관악구,32597 ,15989 ,16608 ,5457 ,2484 ,2973 
2020-01-04,서초구,434801 ,207877 ,226924 ,58332 ,26333 ,31999 
2020-01-04,서초구,21502 ,10348 ,11154 ,2941 ,1373 ,1568 
2020-01-04,서초구,18975 ,9051 ,9924 ,2154 ,999 ,1155 
2020-01-04,서초구,31176 ,15171 ,16005 ,4480 ,2083 ,2397 
2020-01-04,서초구,32024 ,15580 ,16444 ,3975 ,1890 ,2085 
2020-01-04,서초구,35058 ,16626 ,18432 ,3939 ,1719 ,2220 
2020-01-04,서초구,12183 ,5742 ,6441 ,1931 ,856 ,1075 
2020-01-04,서초구,33268 ,16019 ,17249 ,3394 ,1492 ,1902 
2020-01-04,서초구,16400 ,7850 ,8550 ,1895 ,825 ,1070 
2020-01-04,서초구,20343 ,9606 ,10737 ,2485 ,1048 ,1437 
2020-01-04,서초구,20217 ,9566 ,10651 ,2730 ,1253 ,1477 
2020-01-04,서초구,21539 ,10023 ,11516 ,2955 ,1328 ,1627 
2020-01-04,서초구,17739 ,8334 ,9405 ,2768 ,1272 ,1496 
2020-01-04,서초구,20856 ,9792 ,11064 ,3415 ,1559 ,1856 
2020-01-04,서초구,22226 ,10723 ,11503 ,3609 ,1667 ,1942 
2020-01-04,서초구,23999 ,10981 ,13018 ,3271 ,1462 ,1809 
2020-01-04,서초구,45707 ,21879 ,23828 ,6550 ,2844 ,3706 
2020-01-04,서초구,23089 ,11621 ,11468 ,2774 ,1244 ,1530 
2020-01-04,서초구,18500 ,8965 ,9535 ,3066 ,1419 ,1647 
2020-01-04,강남구,549898 ,263163 ,286735 ,72602 ,32552 ,40050 
2020-01-04,강남구,17487 ,8149 ,9338 ,2917 ,1296 ,1621 
2020-01-04,강남구,23944 ,11175 ,12769 ,2928 ,1299 ,1629 
2020-01-04,강남구,21858 ,10145 ,11713 ,3054 ,1334 ,1720 
2020-01-04,강남구,14959 ,7498 ,7461 ,2151 ,1014 ,1137 
2020-01-04,강남구,30674 ,14602 ,16072 ,3308 ,1451 ,1857 
2020-01-04,강남구,25298 ,12719 ,12579 ,2250 ,1081 ,1169 
2020-01-04,강남구,20770 ,9809 ,10961 ,1974 ,850 ,1124 
2020-01-04,강남구,36973 ,17773 ,19200 ,3551 ,1635 ,1916 
2020-01-04,강남구,37513 ,17613 ,19900 ,3555 ,1581 ,1974 
2020-01-04,강남구,22651 ,10755 ,11896 ,2841 ,1361 ,1480 
2020-01-04,강남구,34524 ,16061 ,18463 ,4528 ,2186 ,2342 
2020-01-04,강남구,6890 ,3334 ,3556 ,1531 ,724 ,807 
2020-01-04,강남구,18282 ,8972 ,9310 ,2324 ,1062 ,1262 
2020-01-04,강남구,24358 ,11981 ,12377 ,2724 ,1220 ,1504 
2020-01-04,강남구,16407 ,8008 ,8399 ,3072 ,1314 ,1758 
2020-01-04,강남구,18086 ,8736 ,9350 ,3079 ,1225 ,1854 
2020-01-04,강남구,15798 ,7219 ,8579 ,4212 ,1612 ,2600 
2020-01-04,강남구,45060 ,21456 ,23604 ,6203 ,2722 ,3481 
2020-01-04,강남구,27802 ,12787 ,15015 ,4967 ,2192 ,2775 
2020-01-04,강남구,29479 ,13869 ,15610 ,4028 ,1817 ,2211 
2020-01-04,강남구,38575 ,19612 ,18963 ,4446 ,2149 ,2297 
2020-01-04,강남구,22510 ,10890 ,11620 ,2959 ,1427 ,1532 
2020-01-04,송파구,680883 ,329058 ,351825 ,89539 ,41297 ,48242 
2020-01-04,송파구,15332 ,7598 ,7734 ,2765 ,1237 ,1528 
2020-01-04,송파구,25805 ,12258 ,13547 ,3550 ,1646 ,1904 
2020-01-04,송파구,13163 ,6700 ,6463 ,2221 ,1054 ,1167 
2020-01-04,송파구,16852 ,8263 ,8589 ,3083 ,1338 ,1745 
2020-01-04,송파구,20562 ,10505 ,10057 ,4049 ,1855 ,2194 
2020-01-04,송파구,20108 ,10204 ,9904 ,3904 ,1747 ,2157 
2020-01-04,송파구,16450 ,7920 ,8530 ,2081 ,985 ,1096 
2020-01-04,송파구,26408 ,12515 ,13893 ,3312 ,1523 ,1789 
2020-01-04,송파구,18837 ,9271 ,9566 ,2468 ,1200 ,1268 
2020-01-04,송파구,41029 ,19937 ,21092 ,5856 ,2688 ,3168 
2020-01-04,송파구,25801 ,12164 ,13637 ,3286 ,1532 ,1754 
2020-01-04,송파구,20848 ,10046 ,10802 ,2737 ,1299 ,1438 
2020-01-04,송파구,34097 ,16310 ,17787 ,4275 ,1935 ,2340 
2020-01-04,송파구,32400 ,15369 ,17031 ,3797 ,1666 ,2131 
2020-01-04,송파구,27833 ,13806 ,14027 ,3477 ,1645 ,1832 
2020-01-04,송파구,28032 ,13648 ,14384 ,2901 ,1372 ,1529 
2020-01-04,송파구,33776 ,16555 ,17221 ,3917 ,1841 ,2076 
2020-01-04,송파구,21304 ,10501 ,10803 ,2787 ,1357 ,1430 
2020-01-04,송파구,30070 ,13926 ,16144 ,3664 ,1796 ,1868 
2020-01-04,송파구,29537 ,13938 ,15599 ,3566 ,1612 ,1954 
2020-01-04,송파구,22136 ,10665 ,11471 ,2602 ,1198 ,1404 
2020-01-04,송파구,17479 ,8326 ,9153 ,2617 ,1247 ,1370 
2020-01-04,송파구,10153 ,4731 ,5422 ,2041 ,970 ,1071 
2020-01-04,송파구,36784 ,17609 ,19175 ,3295 ,1462 ,1833 
2020-01-04,송파구,35931 ,17130 ,18801 ,5194 ,2486 ,2708 
2020-01-04,송파구,31815 ,15415 ,16400 ,4117 ,1770 ,2347 
2020-01-04,송파구,28341 ,13748 ,14593 ,1977 ,836 ,1141 
2020-01-04,강동구,457042 ,225226 ,231816 ,66401 ,30289 ,36112 
2020-01-04,강동구,31982 ,15431 ,16551 ,4640 ,2049 ,2591 
2020-01-04,강동구,27636 ,13669 ,13967 ,2878 ,1393 ,1485 
2020-01-04,강동구,26538 ,12949 ,13589 ,3651 ,1668 ,1983 
2020-01-04,강동구,17589 ,8677 ,8912 ,2335 ,1121 ,1214 
2020-01-04,강동구,26753 ,13613 ,13140 ,2703 ,1221 ,1482 
2020-01-04,강동구,21130 ,10758 ,10372 ,2554 ,1232 ,1322 
2020-01-04,강동구,15521 ,7533 ,7988 ,2245 ,1024 ,1221 
2020-01-04,강동구,18517 ,9049 ,9468 ,2417 ,1169 ,1248 
2020-01-04,강동구,28223 ,13897 ,14326 ,4896 ,2204 ,2692 
2020-01-04,강동구,27543 ,13558 ,13985 ,4498 ,2044 ,2454 
2020-01-04,강동구,20468 ,9914 ,10554 ,2896 ,1323 ,1573 
2020-01-04,강동구,25187 ,12394 ,12793 ,4083 ,1862 ,2221 
2020-01-04,강동구,23887 ,11775 ,12112 ,3532 ,1567 ,1965 
2020-01-04,강동구,279 ,132 ,147 ,95 ,35 ,60 
2020-01-04,강동구,27520 ,13611 ,13909 ,4123 ,1917 ,2206 
2020-01-04,강동구,36492 ,18011 ,18481 ,5751 ,2509 ,3242 
2020-01-04,강동구,35714 ,17759 ,17955 ,5815 ,2628 ,3187 
2020-01-04,강동구,46063 ,22496 ,23567 ,7289 ,3323 ,3966 
